7461, 1507556100
7458, 1507541700
7444, 1507484110
7437, 1507469746
7435, 1507455300
7426, 1507397721
7423, 1507383313
7414, 1507368917
7410, 1507311300
7391, 1507297665
7378, 1507282559
7364, 1507226146
7361, 1507210521
7360, 1507196120
7354, 1507138500
7347, 1507124136
7342, 1507109718
7331, 1507102102
7329, 1507059518
7327, 1507037738
7326, 1507023318
7323, 1506965706
7321, 1506951300
7317, 1506936780
7313, 1506879331
7309, 1506864921
7305, 1506850532
7303, 1506792900
7301, 1506778500
7296, 1506764656
7287, 1506706500
7276, 1506693822
7275, 1506677700
7267, 1506669734
7265, 1506620118
7262, 1506609591
7259, 1506605715
7258, 1506591816
7253, 1506533711
7251, 1506519995
7245, 1506504900
7243, 1506447331
7242, 1506432915
7241, 1506418500
7239, 1506360911
7238, 1506346511
7237, 1506332126
7236, 1506274526
7232, 1506260122
7223, 1506245727
7218, 1506188113
7217, 1506173741
7212, 1506159334
7207, 1506101700
7198, 1506087304
7195, 1506072910
7192, 1506015358
7190, 1506001312
7179, 1505986522
7178, 1505928984
7177, 1505914500
7175, 1505900137
7172, 1505843587
7168, 1505828123
7167, 1505814949
7166, 1505756121
7164, 1505742013
7163, 1505727309
7162, 1505669741
7161, 1505648100
7159, 1505643365
7158, 1505583328
7156, 1505568928
7155, 1505554503
7153, 1505496900
7151, 1505482514
7145, 1505475150
7144, 1505468115
7143, 1505410517
7135, 1505396147
7125, 1505381722
7119, 1505324121
7111, 1505309717
7110, 1505309462
7106, 1505295192
7102, 1505237700
7099, 1505223342
7095, 1505208900
7084, 1505151099
7080, 1505139482
7079, 1505136900
7068, 1505122500
7061, 1505064900
7059, 1505050591
7058, 1505036206
7056, 1504978559
7055, 1504964108
7053, 1504949594
7039, 1504892121
7027, 1504878628
7016, 1504865847
7013, 1504863314
7011, 1504805718
7007, 1504791322
7005, 1504776928
7001, 1504719214
7000, 1504704871
6996, 1504690502
6990, 1504632956
6988, 1504618506
6983, 1504604729
6961, 1504546533
6960, 1504534172
6959, 1504521669
6958, 1504452649
6957, 1504442250
6956, 1504431654
6954, 1504366808
6950, 1504355720
6946, 1504344411
6936, 1504287300
6925, 1504277101
6920, 1504272521
6916, 1504271079
6912, 1504264345
6909, 1504200916
6908, 1504186887
6907, 1504173240
6903, 1504114524
6902, 1504105164
6901, 1504100546
6892, 1504088289
6891, 1504027831
6888, 1504013996
6886, 1503999979
6883, 1503941731
6882, 1503927225
6881, 1503913197
6880, 1503848104
6878, 1503837301
6876, 1503826386
6873, 1503761865
6871, 1503750937
6870, 1503740159
6869, 1503682501
6866, 1503668294
6864, 1503661109
6863, 1503653710
6862, 1503595819
6858, 1503582681
6857, 1503571059
6850, 1503509725
6849, 1503500870
6848, 1503495181
6847, 1503484547
6846, 1503423647
6844, 1503408931
6842, 1503394641
6839, 1503336900
6837, 1503322765
6836, 1503308130
6832, 1503243339
6830, 1503232501
6828, 1503221514
6826, 1503156605
6825, 1503145872
6824, 1503135036
6820, 1503077701
6817, 1503063783
6816, 1503055629
6814, 1503049289
6807, 1502991320
6806, 1502976747
6801, 1502962785
6796, 1502906043
6793, 1502894269
6791, 1502891046
6790, 1502877106
6789, 1502818260
6787, 1502803933
6781, 1502791383
6770, 1502731434
6768, 1502717720
6766, 1502703504
6764, 1502638506
6763, 1502627704
6761, 1502616943
6758, 1502551948
6757, 1502541285
6755, 1502530500
6744, 1502472901
6740, 1502458538
6733, 1502451004
6725, 1502445747
6719, 1502386530
6708, 1502372213
6694, 1502359695
6684, 1502300142
6674, 1502288285
6671, 1502277737
6665, 1502271412
6643, 1502213709
6638, 1502199635
6633, 1502185388
6627, 1502127313
6626, 1502113342
6624, 1502099407
6617, 1502033784
6614, 1502022978
6612, 1502012316
6608, 1501947323
6606, 1501936504
6604, 1501925333
6602, 1501868101
6598, 1501854486
6597, 1501852964
6579, 1501840643
6573, 1501781746
6572, 1501772947
6567, 1501752882
6559, 1501695316
6557, 1501681473
6556, 1501674294
6553, 1501668039
6538, 1501608906
6536, 1501595083
6535, 1501580619
6534, 1501522518
6531, 1501508069
6530, 1501493833
6525, 1501428916
6520, 1501418113
6518, 1501410185
6510, 1501342507
6507, 1501331751
6505, 1501320905
6496, 1501263312
6492, 1501248905
6486, 1501235807
6484, 1501231009
6478, 1501177050
6477, 1501162703
6476, 1501148543
6465, 1501090510
6462, 1501085351
6459, 1501076877
6454, 1501061739
6445, 1501004178
6436, 1500989757
6431, 1500975566
6420, 1500917738
6415, 1500903393
6414, 1500890324
6410, 1500824116
6409, 1500813357
6408, 1500802537
6404, 1500737712
6403, 1500726916
6402, 1500716125
6401, 1500658608
6393, 1500644348
6390, 1500629875
6384, 1500572102
6382, 1500557903
6376, 1500551534
6375, 1500543768
6372, 1500485702
6366, 1500471558
6358, 1500460670
6307, 1500399305
6299, 1500384779
6293, 1500381111
6290, 1500370716
6285, 1500313037
6281, 1500296330
6280, 1500284322
6278, 1500219313
6276, 1500208517
6275, 1500197723
6270, 1500133217
6261, 1500122362
6260, 1500111432
6259, 1500053705
6255, 1500040343
6251, 1500025750
6247, 1499967312
6245, 1499954528
6244, 1499942313
6241, 1499880879
6239, 1499866592
6238, 1499856348
6235, 1499794546
6233, 1499780105
6228, 1499773613
6227, 1499765847
6223, 1499708255
6219, 1499693954
6215, 1499682985
6212, 1499614620
6211, 1499603619
6209, 1499592977
6207, 1499531711
6205, 1499528145
6203, 1499517332
6202, 1499507010
6200, 1499448891
6199, 1499436088
6192, 1499420224
6186, 1499362515
6185, 1499348643
6184, 1499335959
6182, 1499276445
6176, 1499261688
6175, 1499248369
6174, 1499189712
6173, 1499177023
6172, 1499164563
6168, 1499103668
6166, 1499091583
6164, 1499088913
6163, 1499074923
6158, 1499009446
6157, 1498998844
6156, 1498988191
6145, 1498923696
6127, 1498912621
6126, 1498901706
6122, 1498844100
6120, 1498834721
6119, 1498829963
6115, 1498815619
6110, 1498758024
6105, 1498746384
6104, 1498733175
6102, 1498671448
6101, 1498659298
6097, 1498657800
6096, 1498646624
6092, 1498584947
6090, 1498570719
6088, 1498566037
6087, 1498558416
6086, 1498498500
6083, 1498484352
6081, 1498475013
6080, 1498405082
6079, 1498397846
6078, 1498383589
6077, 1498318251
6076, 1498312029
6075, 1498307617
6074, 1498297850
6073, 1498239444
6070, 1498225152
6062, 1498215336
6058, 1498152965
6057, 1498138746
6055, 1498126303
6049, 1498066535
6047, 1498058151
6046, 1498054258
6040, 1498038610
6037, 1497980226
6029, 1497965726
6027, 1497951312
6011, 1497893702
6008, 1497887622
6007, 1497879370
6004, 1497865365
5999, 1497800120
5996, 1497789557
5993, 1497778504
5991, 1497713804
5988, 1497703174
5986, 1497692102
5984, 1497634827
5982, 1497631058
5980, 1497619831
5977, 1497605760
5975, 1497548100
5973, 1497533730
5972, 1497522948
5971, 1497461716
5964, 1497447416
5960, 1497440033
5959, 1497436299
5958, 1497375664
5956, 1497360954
5955, 1497350255
5953, 1497285308
5951, 1497270909
5946, 1497260011
5945, 1497195320
5944, 1497184532
5940, 1497173706
5938, 1497108902
5936, 1497104383
5935, 1497098102
5932, 1497087304
5930, 1497029868
5927, 1497015449
5925, 1497000985
5924, 1496943323
5918, 1496929044
5916, 1496914607
5911, 1496856909
5909, 1496842668
5907, 1496830897
5902, 1496770506
5886, 1496756069
5884, 1496741604
5882, 1496684105
5879, 1496669887
5878, 1496662520
5876, 1496655440
5874, 1496590504
5872, 1496579709
5870, 1496568905
5866, 1496507704
5862, 1496501174
5853, 1496493748
5850, 1496482630
5845, 1496424904
5843, 1496410629
5842, 1496405677
5841, 1496396100
5838, 1496338573
5835, 1496324651
5834, 1496309695
5831, 1496252106
5829, 1496237760
5826, 1496224601
5825, 1496165705
5823, 1496151225
5821, 1496137118
5816, 1496079332
5814, 1496065541
5813, 1496050938
5811, 1495985851
5810, 1495975043
5809, 1495964404
5808, 1495900403
5807, 1495888522
5804, 1495877705
5796, 1495820011
5795, 1495811981
5794, 1495806054
5792, 1495791978
5786, 1495733704
5784, 1495721526
5775, 1495705648
5774, 1495647305
5772, 1495632792
5769, 1495618666
5768, 1495561057
5767, 1495546765
5766, 1495531930
5755, 1495474520
5751, 1495460156
5749, 1495446001
5746, 1495380917
5745, 1495370114
5744, 1495359305
5740, 1495294560
5739, 1495283846
5738, 1495272920
5736, 1495215303
5734, 1495200912
5731, 1495188793
5730, 1495128905
5728, 1495114393
5725, 1495100209
5724, 1495042501
5722, 1495028154
5720, 1495013650
5715, 1494948931
5713, 1494941722
5711, 1494927369
5710, 1494869720
5708, 1494855235
5707, 1494850119
5705, 1494776280
5703, 1494766042
5702, 1494754629
5701, 1494689632
5699, 1494678849
5698, 1494668104
5696, 1494610510
5694, 1494597566
5693, 1494584237
5692, 1494524112
5690, 1494509715
5689, 1494495328
5686, 1494437710
5684, 1494423130
5683, 1494410472
5682, 1494343962
5678, 1494333417
5674, 1494322432
5673, 1494257710
5671, 1494246928
5669, 1494236890
5667, 1494171309
5665, 1494160634
5664, 1494149708
5661, 1494084912
5659, 1494074373
5658, 1494063309
5655, 1494005714
5653, 1493991068
5652, 1493976682
5651, 1493919329
5647, 1493904790
5646, 1493890956
5644, 1493832848
5642, 1493818510
5640, 1493804215
5637, 1493746505
5635, 1493732025
5633, 1493718367
5632, 1493652900
5629, 1493642107
5621, 1493631308
5617, 1493566510
5615, 1493555515
5614, 1493544654
5613, 1493479997
5611, 1493469307
5608, 1493458507
5603, 1493400942
5598, 1493386432
5589, 1493372543
5586, 1493314500
5582, 1493300029
5581, 1493286132
5580, 1493228180
5579, 1493213718
5577, 1493199421
5575, 1493141727
5573, 1493128069
5572, 1493112833
5567, 1493055414
5564, 1493040880
5563, 1493026681
5561, 1492961298
5559, 1492950931
5558, 1492940252
5557, 1492875929
5555, 1492872932
5554, 1492853454
5553, 1492796116
5550, 1492781785
5540, 1492769852
5538, 1492709497
5529, 1492695849
5526, 1492681075
5510, 1492623324
5502, 1492609070
5497, 1492594975
5480, 1492536910
5478, 1492522808
5476, 1492508264
5475, 1492450513
5473, 1492436195
5471, 1492425677
5470, 1492357092
5468, 1492346105
5466, 1492335180
5464, 1492270511
5462, 1492259702
5459, 1492248786
5457, 1492191309
5455, 1492176863
5454, 1492164911
5453, 1492104905
5451, 1492090439
5450, 1492078526
5445, 1492018508
5443, 1492003968
5442, 1491989649
5441, 1491932113
5440, 1491917580
5437, 1491903356
5436, 1491846049
5434, 1491831235
5433, 1491816871
5432, 1491752061
5431, 1491741273
5429, 1491730503
5428, 1491665731
5427, 1491654904
5424, 1491644131
5420, 1491586508
5418, 1491571938
5417, 1491558009
5415, 1491500137
5412, 1491485691
5411, 1491471209
5408, 1491413704
5406, 1491399593
5403, 1491386271
5402, 1491327327
5400, 1491313041
5399, 1491298478
5397, 1491240940
5389, 1491226528
5385, 1491212704
5376, 1491147325
5371, 1491136580
5369, 1491125727
5357, 1491060924
5354, 1491050127
5347, 1491039333
5338, 1490981737
5331, 1490956727
5322, 1490895370
5318, 1490880831
5317, 1490867383
5315, 1490808931
5309, 1490790768
5308, 1490779900
5302, 1490722530
5295, 1490701869
5292, 1490693769
5290, 1490636128
5288, 1490621633
5287, 1490607326
5286, 1490542537
5284, 1490531753
5283, 1490520772
5282, 1490456304
5280, 1490445333
5278, 1490434540
5276, 1490376936
5273, 1490362458
5271, 1490348060
5269, 1490290529
5265, 1490276170
5264, 1490261628
5262, 1490204133
5260, 1490189634
5257, 1490175352
5256, 1490117736
5254, 1490103208
5250, 1490088937
5249, 1490031334
5247, 1490017376
5243, 1490002548
5241, 1489937975
5227, 1489926933
5221, 1489916130
5215, 1489851331
5212, 1489840534
5210, 1489829743
5207, 1489771842
5206, 1489758753
5204, 1489743501
5203, 1489685740
5201, 1489671882
5200, 1489658880
5198, 1489599334
5196, 1489585496
5195, 1489570547
5191, 1489512931
5187, 1489498588
5184, 1489484180
5182, 1489426540
5180, 1489412196
5177, 1489397756
5173, 1489332821
5172, 1489322053
5171, 1489311415
5169, 1489246423
5167, 1489224928
5163, 1489167341
5160, 1489145592
5158, 1489138539
5157, 1489080944
5155, 1489066561
5154, 1489052201
5151, 1488994608
5149, 1488980134
5138, 1488965721
5133, 1488908141
5122, 1488894500
5121, 1488882934
5119, 1488879443
5113, 1488815563
5110, 1488807275
5107, 1488793081
5103, 1488728129
5096, 1488717340
5074, 1488706541
5066, 1488641718
5057, 1488630932
5052, 1488620133
5037, 1488562534
5034, 1488549254
5027, 1488533806
5015, 1488476143
5006, 1488459930
5003, 1488447622
4995, 1488389734
4991, 1488375505
4984, 1488360881
4958, 1488300338
4956, 1488288988
4954, 1488274701
4950, 1488216941
4947, 1488203178
4946, 1488188341
4945, 1488123333
4944, 1488112532
4942, 1488101737
4933, 1488036986
4930, 1488026135
4928, 1488015272
4926, 1487957820
4925, 1487943519
4923, 1487928941
4919, 1487871336
4917, 1487853332
4914, 1487842534
4910, 1487784907
4909, 1487770576
4908, 1487757808
4906, 1487698541
4903, 1487684187
4891, 1487670113
4885, 1487612130
4883, 1487597614
4882, 1487583222
4877, 1487518580
4874, 1487507734
4871, 1487497025
4869, 1487432120
4867, 1487421333
4864, 1487401434
4854, 1487352905
4852, 1487338594
4850, 1487324126
4847, 1487266537
4837, 1487252160
4836, 1487237786
4834, 1487180131
4832, 1487165739
4830, 1487151337
4829, 1487093730
4826, 1487080175
4825, 1487065571
4823, 1487007332
4814, 1486978625
4811, 1486913734
4809, 1486906535
4806, 1486891877
4801, 1486827313
4800, 1486816540
4796, 1486805631
4787, 1486748137
4765, 1486731960
4752, 1486719485
4743, 1486661732
4741, 1486647428
4736, 1486632960
4733, 1486575332
4729, 1486560845
4717, 1486541794
4712, 1486488938
4707, 1486474598
4672, 1486458560
4662, 1486402535
4657, 1486388138
4654, 1486373668
4652, 1486308927
4649, 1486298134
4646, 1486287333
4637, 1486222534
4635, 1486211731
4633, 1486200935
4627, 1486143330
4620, 1486128725
4618, 1486114532
4616, 1486056940
4610, 1486042536
4607, 1486028150
4606, 1485970535
4604, 1485956142
4600, 1485941705
4598, 1485884136
4592, 1485869738
4590, 1485855497
4589, 1485797728
4587, 1485783384
4585, 1485768939
4581, 1485704128
4577, 1485693338
4575, 1485682600
4567, 1485617739
4561, 1485606935
4559, 1485596771
4552, 1485538534
4548, 1485524314
4541, 1485509596
4531, 1485452144
4520, 1485437821
4514, 1485423336
4510, 1485365740
4507, 1485353720
4498, 1485338768
4488, 1485279332
4485, 1485264931
4483, 1485250544
4481, 1485192943
4479, 1485178541
4474, 1485164143
4469, 1485099338
4466, 1485088512
4465, 1485077741
4463, 1485016529
4462, 1485005736
4457, 1484991442
4453, 1484933545
4447, 1484911086
4446, 1484904754
4442, 1484847334
4437, 1484832933
4429, 1484818479
4424, 1484760931
4420, 1484747947
4418, 1484732525
4412, 1484674527
4410, 1484660165
4409, 1484645738
4403, 1484588137
4401, 1484573732
4397, 1484559510
4390, 1484494584
4389, 1484483644
4387, 1484472995
4377, 1484408133
4372, 1484397334
4369, 1484386520
4367, 1484328937
4365, 1484315659
4364, 1484300141
4363, 1484242533
4360, 1484229068
4359, 1484214162
4358, 1484156123
4356, 1484141727
4354, 1484127325
4346, 1484069720
4342, 1484055325
4340, 1484040818
4338, 1483983323
4336, 1483968930
4333, 1483954530
4329, 1483886125
4327, 1483868124
4325, 1483799721
4323, 1483781723
4321, 1483713318
4319, 1483695324
4313, 1483626920
4309, 1483609144
4308, 1483540528
4307, 1483522508
4306, 1483454113
4302, 1483436120
4300, 1483367712
4298, 1483349787
4284, 1483281313
4279, 1483263305
4268, 1483198514
4266, 1483187729
4264, 1483176845
4257, 1483119321
4248, 1483104925
4246, 1483090519
4244, 1483032929
4242, 1483018449
4241, 1483004041
4236, 1482946520
4232, 1482932123
4229, 1482917777
4224, 1482860121
4222, 1482845903
4219, 1482831425
4213, 1482773723
4209, 1482759470
4207, 1482747640
4202, 1482680131
4200, 1482669326
4197, 1482658515
4189, 1482593718
4186, 1482582924
4180, 1482572124
4172, 1482514528
4165, 1482500927
4159, 1482485926
4128, 1482428132
4125, 1482417344
4123, 1482399281
4119, 1482341725
4116, 1482328939
4115, 1482312986
4113, 1482255334
4107, 1482240928
4106, 1482228197
4105, 1482168935
4102, 1482154589
4101, 1482140357
4100, 1482075382
4099, 1482064467
4098, 1482053734
4095, 1481988929
4093, 1481978128
4091, 1481967325
4083, 1481909701
4082, 1481896843
4080, 1481880984
4076, 1481823064
4069, 1481812696
4067, 1481795056
4062, 1481736928
4053, 1481708540
4042, 1481650552
4038, 1481636974
4037, 1481622126
4027, 1481549812
4026, 1481535344
4025, 1481470527
4023, 1481459735
4016, 1481448969
4013, 1481384123
4011, 1481373321
4008, 1481362526
4005, 1481304932
4003, 1481290526
4001, 1481276207
3994, 1481218523
3982, 1481205472
3977, 1481191057
3969, 1481132119
3961, 1481117787
3960, 1481103453
3959, 1481045565
3956, 1481031490
3952, 1481020082
3946, 1480959323
3943, 1480944992
3942, 1480931209
3924, 1480865716
3922, 1480854926
3919, 1480844131
3906, 1480779323
3901, 1480768482
3897, 1480757722
3890, 1480700331
3872, 1480685744
3866, 1480672543
3859, 1480613727
3853, 1480599300
3852, 1480585020
3851, 1480527331
3845, 1480512989
3842, 1480498511
3840, 1480440931
3837, 1480426533
3834, 1480412120
3830, 1480354536
3826, 1480340483
3823, 1480326789
3819, 1480260916
3818, 1480250131
3814, 1480239396
3813, 1480174527
3812, 1480163731
3806, 1480152936
3803, 1480095316
3801, 1480080933
3798, 1480066498
3795, 1480009481
3791, 1479994544
3788, 1479980573
3787, 1479922522
3783, 1479908156
3781, 1479893888
3778, 1479836118
3776, 1479821653
3775, 1479807544
3773, 1479749718
3770, 1479735321
3766, 1479720899
3764, 1479656118
3763, 1479645329
3760, 1479634696
3755, 1479569743
3751, 1479558927
3748, 1479548131
3746, 1479490536
3743, 1479462359
3740, 1479404129
3736, 1479389726
3734, 1479375379
3733, 1479317728
3730, 1479304424
3729, 1479289410
3728, 1479231317
3725, 1479217117
3724, 1479202551
3723, 1479144900
3721, 1479130760
3718, 1479116110
3714, 1479051305
3713, 1479040504
3711, 1479029709
3710, 1478964922
3708, 1478954105
3707, 1478943313
3699, 1478885719
3697, 1478871401
3696, 1478856866
3694, 1478799300
3692, 1478784988
3691, 1478775638
3690, 1478770549
3689, 1478713010
3688, 1478699784
3687, 1478684315
3682, 1478626560
3679, 1478612449
3678, 1478597937
3677, 1478540101
3675, 1478525855
3673, 1478511413
3672, 1478446773
3671, 1478436127
3663, 1478424908
3661, 1478360178
3660, 1478349606
3659, 1478338394
3657, 1478280901
3655, 1478266501
3653, 1478254314
3652, 1478194502
3649, 1478180243
3639, 1478166026
3638, 1478108102
3636, 1478093649
3634, 1478079415
3633, 1478021702
3631, 1478008749
3630, 1477993602
3628, 1477935300
3625, 1477920908
3623, 1477906467
3621, 1477841704
3620, 1477830905
3619, 1477820105
3615, 1477755307
3614, 1477744512
3613, 1477733708
3610, 1477676105
3602, 1477661521
3597, 1477647453
3592, 1477589700
3588, 1477575504
3586, 1477561044
3571, 1477503305
3569, 1477489873
3563, 1477474735
3561, 1477416916
3558, 1477402538
3556, 1477388304
3542, 1477330523
3536, 1477316107
3529, 1477301894
3526, 1477236920
3524, 1477226104
3523, 1477215307
3521, 1477150516
3520, 1477139719
3519, 1477128921
3513, 1477071300
3511, 1477056867
3510, 1477042636
3504, 1476984900
3499, 1476970435
3496, 1476956154
3494, 1476898505
3489, 1476887181
3481, 1476869870
3475, 1476812103
3462, 1476797708
3458, 1476784080
3457, 1476725700
3454, 1476711416
3453, 1476697484
3451, 1476632136
3450, 1476621319
3448, 1476610520
3444, 1476545714
3442, 1476534915
3440, 1476524116
3434, 1476466505
3431, 1476452118
3429, 1476438329
3427, 1476380116
3426, 1476365725
3423, 1476351212
3421, 1476293736
3412, 1476279322
3410, 1476264751
3408, 1476207303
3405, 1476196557
3404, 1476178523
3398, 1476120904
3396, 1476106743
3394, 1476092037
3393, 1476027319
3392, 1476016504
3389, 1476005704
3384, 1475940916
3383, 1475930120
3381, 1475919313
3378, 1475861702
3371, 1475847365
3367, 1475833254
3366, 1475775305
3364, 1475761196
3363, 1475746411
3359, 1475688917
3355, 1475676406
3353, 1475661314
3340, 1475602509
3338, 1475588105
3332, 1475577315
3329, 1475569145
3325, 1475516113
3320, 1475501704
3318, 1475487305
3316, 1475426113
3314, 1475415301
3312, 1475401129
3308, 1475336117
3307, 1475325313
3304, 1475314502
3299, 1475256904
3295, 1475242488
3293, 1475228211
3288, 1475170525
3283, 1475156103
3275, 1475141843
3271, 1475084101
3264, 1475069783
3257, 1475055409
3251, 1474997700
3249, 1474983310
3247, 1474968847
3245, 1474911316
3242, 1474896730
3241, 1474882504
3237, 1474817705
3234, 1474806901
3232, 1474796111
3224, 1474731309
3221, 1474720500
3219, 1474709734
3215, 1474652105
3212, 1474637706
3210, 1474623244
3209, 1474565770
3208, 1474551315
3206, 1474536973
3201, 1474479322
3199, 1474464995
3198, 1474450555
3188, 1474392901
3181, 1474379520
3177, 1474364254
3174, 1474306503
3170, 1474292362
3168, 1474277712
3164, 1474212925
3163, 1474202117
3161, 1474191312
3155, 1474126511
3154, 1474115708
3153, 1474104910
3147, 1474047260
3146, 1474033277
3144, 1474018855
3142, 1473960923
3132, 1473950216
3131, 1473935708
3129, 1473874505
3126, 1473860345
3124, 1473845996
3118, 1473788138
3116, 1473773869
3115, 1473759355
3113, 1473701715
3111, 1473687305
3108, 1473672750
3107, 1473608855
3105, 1473597305
3103, 1473586507
3097, 1473521704
3096, 1473510911
3095, 1473500114
3090, 1473442504
3079, 1473428122
3076, 1473414080
3074, 1473356125
3072, 1473342090
3070, 1473327533
3068, 1473269725
3065, 1473255274
3064, 1473240907
3060, 1473183321
3058, 1473168904
3053, 1473154505
3050, 1473096921
3048, 1473082522
3046, 1473068101
3039, 1473003307
3037, 1472992512
3029, 1472981710
3019, 1472916915
3017, 1472906110
3016, 1472895311
3002, 1472837728
2999, 1472823678
2995, 1472809246
2986, 1472760801
2962, 1472740513
2959, 1472736912
2957, 1472733343
2951, 1472729798
2935, 1472719691
2934, 1472664920
2932, 1472650578
2931, 1472639725
2930, 1472578517
2927, 1472564106
2925, 1472549905
2915, 1472492118
2912, 1472477719
2909, 1472463304
2906, 1472398511
2905, 1472387711
2904, 1472376918
2896, 1472312117
2895, 1472301324
2894, 1472290501
2890, 1472232910
2888, 1472217309
2885, 1472204278
2883, 1472146525
2881, 1472132100
2878, 1472121399
2863, 1472060105
2861, 1472045770
2860, 1472031448
2857, 1471973493
2854, 1471959306
2852, 1471948534
2849, 1471887327
2843, 1471872906
2840, 1471862130
2836, 1471793704
2835, 1471782904
2828, 1471772105
2826, 1471707306
2824, 1471696509
2823, 1471685710
2808, 1471628105
2799, 1471613710
2796, 1471602929
2788, 1471541721
2780, 1471527323
2776, 1471516509
2767, 1471455310
2759, 1471440921
2756, 1471430122
2751, 1471368906
2745, 1471354509
2742, 1471340124
2739, 1471282519
2736, 1471268122
2730, 1471257325
2724, 1471188903
2723, 1471178100
2721, 1471167306
2715, 1471102501
2713, 1471091700
2711, 1471080906
2700, 1471023327
2697, 1471008919
2694, 1470998123
2670, 1470936921
2664, 1470922519
2661, 1470908127
2655, 1470850506
2644, 1470836108
2642, 1470821739
2639, 1470764108
2637, 1470749460
2636, 1470738670
2634, 1470677700
2632, 1470663316
2629, 1470648925
2625, 1470584110
2624, 1470573305
2623, 1470562508
2610, 1470497702
2609, 1470486911
2608, 1470476131
2597, 1470418510
2589, 1470404127
2587, 1470389724
2584, 1470332112
2582, 1470317715
2580, 1470303310
2569, 1470245704
2563, 1470231311
2556, 1470216922
2550, 1470159306
2545, 1470144919
2540, 1470130520
2532, 1470072929
2526, 1470058504
2524, 1470044125
2514, 1469979314
2509, 1469968507
2506, 1469957709
2497, 1469892902
2495, 1469882102
2494, 1469871306
2486, 1469813722
2484, 1469799323
2477, 1469784918
2469, 1469727307
2464, 1469712923
2460, 1469702123
2448, 1469640910
2439, 1469626531
2437, 1469612127
2434, 1469554505
2431, 1469540114
2428, 1469525724
2424, 1469468101
2411, 1469453706
2401, 1469439309
2392, 1469374512
2390, 1469363710
2389, 1469352917
2383, 1469288102
2379, 1469277300
2378, 1469266502
2360, 1469208905
2352, 1469194522
2344, 1469179529
2334, 1469122522
2330, 1469108118
2327, 1469093727
2305, 1469036110
2279, 1469021709
2254, 1469010909
2230, 1468949710
2228, 1468935314
2225, 1468920923
2223, 1468863307
2221, 1468848922
2219, 1468838117
2217, 1468769710
2216, 1468758905
2215, 1468748106
2214, 1468683300
2213, 1468672504
2212, 1468661707
2203, 1468604132
2200, 1468589730
2197, 1468575326
2194, 1468517722
2191, 1468503326
2189, 1468492520
2185, 1468431313
2182, 1468418290
2180, 1468407073
2179, 1468344926
2177, 1468330518
2175, 1468319728
2173, 1468258501
2171, 1468244125
2169, 1468228475
2168, 1468164909
2167, 1468154109
2166, 1468143310
2165, 1468078513
2164, 1468067715
2161, 1468056911
2155, 1467999302
2154, 1467984910
2152, 1467974129
2145, 1467912903
2143, 1467898525
2141, 1467884118
2137, 1467826504
2131, 1467812106
2129, 1467801314
2127, 1467740104
2123, 1467722128
2118, 1467711335
2115, 1467653704
2114, 1467639304
2111, 1467628513
2106, 1467560109
2105, 1467549313
2104, 1467538514
2102, 1467473722
2101, 1467462920
2100, 1467452109
2099, 1467394516
2091, 1467380110
2090, 1467368134
2073, 1467035932
2063, 1466679709
2061, 1466606437
2059, 1466590899
2058, 1466429415
2057, 1466422972
2054, 1466088855
2052, 1465914151
1994, 1463127420
1980, 1461918900
1974, 1461844618
1969, 1461765425
1966, 1461667372
1960, 1461239374
1953, 1461165879
1952, 1461153840
1951, 1461142709
1950, 1461062624
1949, 1461062084
1947, 1460975454
1944, 1460714976
1933, 1459853497
1928, 1459769034
1926, 1459513665
1920, 1459249801
1919, 1459170770
1916, 1458918148
1913, 1458915557
1910, 1458895291
1909, 1458895227
1907, 1458729763
1906, 1458643523
1905, 1458641019
1904, 1458639058
1902, 1458554415
1896, 1457708866
1894, 1457689997
1891, 1457608850
1890, 1457608724
1889, 1457531131
1887, 1457172986
1886, 1457172904
1881, 1457087152
1880, 1457087125
1879, 1457087078
1878, 1457087033
1877, 1456932975
1876, 1456916950
1875, 1456916718
1874, 1456906765
1872, 1456823255
1871, 1456823062
1870, 1456822061
1869, 1456771800
1862, 1456650901
1861, 1456650660
1860, 1456486905
1859, 1456330164
1857, 1456221956
1856, 1456221780
1855, 1456145479
1854, 1456138241
1853, 1456136764
1852, 1456133351
1850, 1455897575
1848, 1455896210
1847, 1455872669
1846, 1455870795
1845, 1455868824
1844, 1455807609
1842, 1455702882
1840, 1455612806
1838, 1455612398
1837, 1455611984
1836, 1455611357
1835, 1455610960
1834, 1455538775
1833, 1455350824
1832, 1455201494
1831, 1455180448
1830, 1455180242
1829, 1455179741
1828, 1455093224
1827, 1455008037
1826, 1455006614
1825, 1454945028
1824, 1454944740
1823, 1454839070
1821, 1454669170
1820, 1454668839
1819, 1454666836
1818, 1454496826
1816, 1454491036
1814, 1454420589
1813, 1454420435
1812, 1454412404
1811, 1454410456
1810, 1454403254
1809, 1454403114
1808, 1454401737
1796, 1454339151
1794, 1454327657
1793, 1454327342
1792, 1454326462
1788, 1454155575
1786, 1454154532
1785, 1454154416
1784, 1454152946
1783, 1454151042
1780, 1454141524
1777, 1454071165
1776, 1454067781
1775, 1454062037
1773, 1454057149
1772, 1454056513
1770, 1453986610
1767, 1453983625
1766, 1453983388
1762, 1453975229
1761, 1453971377
1760, 1453969368
1759, 1453969165
1745, 1453703060
1744, 1453703012
1742, 1453647308
1733, 1453540528
1732, 1453539113
1731, 1453538325
1730, 1453537404
1728, 1453535628
1727, 1453534277
1725, 1453474842
1722, 1453375771
1721, 1453371659
1720, 1453369357
1719, 1453367308
1718, 1453366797
1712, 1453295816
1711, 1453285510
1710, 1453285399
1707, 1453278905
1706, 1453278839
1690, 1453142902
1688, 1453142736
1686, 1453032788
1685, 1453029097
1684, 1453028553
1682, 1452898759
1681, 1452785635
1680, 1452778038
1679, 1452766008
1677, 1452689470
1676, 1452579520
1675, 1452579260
1669, 1452506774
1665, 1452332856
1663, 1452081240
1661, 1451903600
1631, 1451562494
1626, 1451378507
1625, 1451378373
1622, 1451315536
1621, 1451315304
1618, 1450956317
1617, 1450955043
1616, 1450954930
1615, 1450951498
1614, 1450951380
1613, 1450799350
1605, 1450701468
1602, 1450698000
1601, 1450697202
1600, 1450345339
1599, 1450268869
1598, 1450189689
1596, 1450186127
1592, 1450108021
1591, 1450097985
1590, 1450097148
1589, 1450090561
1587, 1450088233
1585, 1449994981
1584, 1449994363
1568, 1449738161
1567, 1449737691
1564, 1449676532
1563, 1449660692
1550, 1448972642
1549, 1448878909
1544, 1448799498
1540, 1448355954
1538, 1448011534
1528, 1447426330
1527, 1447422635
1526, 1447422561
1523, 1446810596
1505, 1446462625
1500, 1445855260
1497, 1445430014
1492, 1445257295
1486, 1444824949
1485, 1444813374
1484, 1444661671
1483, 1444383589
1481, 1444226701
1480, 1444043924
1473, 1443436820
1470, 1443191469
1468, 1443018226
1467, 1442843499
1461, 1442599968
1451, 1442395507
1450, 1442307689
1449, 1442241186
1438, 1441809289
1437, 1441790211
1436, 1441790040
1435, 1441632222
1431, 1441395497
1430, 1441395240
1429, 1441363543
1428, 1441293414
1421, 1440634513
1420, 1440624721
1419, 1440624695
1418, 1440624678
1417, 1440624653
1415, 1440422521
1413, 1440365556
1409, 1440163422
1402, 1440083369
1401, 1440079275
1399, 1440030837
1397, 1439991338
1393, 1439909091
1392, 1439907132
1391, 1439902612
1389, 1439901586
1388, 1439900827
1386, 1439899958
1385, 1439895096
1383, 1439894025
1380, 1439587428
1379, 1439585815
1378, 1439584762
1377, 1439580600
1376, 1439580481
1375, 1439580471
1374, 1439580456
1373, 1439580441
1372, 1439569046
1371, 1439569031
1370, 1439569017
1369, 1439569000
1367, 1439327775
1366, 1439327338
1365, 1439327307
1364, 1439327290
1363, 1439327257
1362, 1439327212
1361, 1439327161
1360, 1439327109
1359, 1439327081
1358, 1439248217
1357, 1439248204
1356, 1439248193
1355, 1439248035
1354, 1439248021
1353, 1439248006
1352, 1439247995
1351, 1439247982
1350, 1439247920
1349, 1439247899
1348, 1439247847
1347, 1439247825
1346, 1439247812
1344, 1439218486
1340, 1439184057
1339, 1439184043
1338, 1439184016
1337, 1439183994
1336, 1439183957
1335, 1439183889
1334, 1439183768
1333, 1439183591
1332, 1439183490
1331, 1439183463
1330, 1439183405
1329, 1439183387
1328, 1439183379
1327, 1439183355
1326, 1439183291
1325, 1439183276
1324, 1439183215
1323, 1439183052
1322, 1439183034
1321, 1439182985
1320, 1439182974
1317, 1439061277
1316, 1439061266
1315, 1439061251
1314, 1439056788
1313, 1439056363
1312, 1439056341
1311, 1439056210
1310, 1439054980
1309, 1439054963
1308, 1439053838
1307, 1439053825
1306, 1439053809
1305, 1439052756
1304, 1439050226
1303, 1439050214
1302, 1439050196
1301, 1439048664
1300, 1439048302
1299, 1439046429
1298, 1439045127
1297, 1439043676
1296, 1439042384
1294, 1439036929
1292, 1439018909
1290, 1438986133
1285, 1438985869
1277, 1438972560
1276, 1438972533
1275, 1438972462
1272, 1438949395
1271, 1438943525
1270, 1438942829
1269, 1438942675
1268, 1438932895
1267, 1438932592
1265, 1438875946
1263, 1438872894
1260, 1438870469
1259, 1438870121
1258, 1438869912
1257, 1438855894
1255, 1438851143
1254, 1438812683
1253, 1438812634
1252, 1438812580
1251, 1438801361
1249, 1438778332
1248, 1438722231
1247, 1438686926
1246, 1438681941
1245, 1438678139
1244, 1438677620
1243, 1438676864
1241, 1438636475
1240, 1438636282
1239, 1438634726
1238, 1438629988
1237, 1438629962
1235, 1438599250
1234, 1438546675
1233, 1438543620
1232, 1438542400
1231, 1438542152
1230, 1438533961
1229, 1438533698
1228, 1438533374
1227, 1438532089
1226, 1438532073
1225, 1438530897
1224, 1438526876
1223, 1438520271
1222, 1438520201
1221, 1438519265
1220, 1438516791
1219, 1438514744
1218, 1438513635
1215, 1438509894
1213, 1438504780
1212, 1438455897
1211, 1438454755
1210, 1438454621
1209, 1438454284
1208, 1438454244
1205, 1438447575
1204, 1438446672
1203, 1438446577
1202, 1438446384
1201, 1438445676
1200, 1438445356
1197, 1438445154
1196, 1438442050
1195, 1438442011
1194, 1438441816
1193, 1438441606
1192, 1438441433
1191, 1438441346
1190, 1438441008
1189, 1438440961
1188, 1438440664
1187, 1438439304
1186, 1438439274
1185, 1438439241
1184, 1438431465
1183, 1438431254
1181, 1438430465
1180, 1438426200
1179, 1438425886
1177, 1438413651
1176, 1438412242
1175, 1438372277
1174, 1438370259
1173, 1438369706
1172, 1438369572
1171, 1438369522
1170, 1438369385
1169, 1438366915
1168, 1438365564
1163, 1438347568
1162, 1438346211
1161, 1438344084
1160, 1438341452
1159, 1438340135
1158, 1438335993
1157, 1438335102
1156, 1438334761
1155, 1438334055
1154, 1438290664
1153, 1438290103
1152, 1438290035
1151, 1438288577
1150, 1438286453
1149, 1438284991
1148, 1438284595
1147, 1438282917
1146, 1438282695
1145, 1438282536
1144, 1438282059
1143, 1438281970
1142, 1438281960
1141, 1438274098
1140, 1438273896
1139, 1438273784
1137, 1438254079
1136, 1438250220
1135, 1438249638
1133, 1438244075
1132, 1438243992
1131, 1438242997
1130, 1438242811
1129, 1438235144
1128, 1438203804
1123, 1438192984
1122, 1438192678
1121, 1438179984
1119, 1438160516
1117, 1438155547
1116, 1438155137
1115, 1438154808
1112, 1438121974
1110, 1438103357
1107, 1438099237
1106, 1438098582
1105, 1438074523
1104, 1438034471
1103, 1438030553
1102, 1438030522
1101, 1437951381
1098, 1437825867
1097, 1437745544
1087, 1437479549
1086, 1437387714
1083, 1436971975
1082, 1436886296
1081, 1436443059
1080, 1436259495
1079, 1435921862
1077, 1435756316
1076, 1435746281
1075, 1435669843
1074, 1435589498
1073, 1435424110
1072, 1435153753
1070, 1435147818
1069, 1435144889
1066, 1434375472
1065, 1434099240
1064, 1434013007
1063, 1433941528
1062, 1433839072
1061, 1433838852
1054, 1433591395
1053, 1433507230
1052, 1433495739
1051, 1433416335
1050, 1433416153
1045, 1433163931
1041, 1432905836
1040, 1432905687
1035, 1432739538
1033, 1432563337
1032, 1432558013
1031, 1432557031
1027, 1432134744
1026, 1432124572
1024, 1431606309
1023, 1431604494
1022, 1431518097
1021, 1431516849
1018, 1430999919
1017, 1430920330
1016, 1430911633
1009, 1430823816
1005, 1430315507
1004, 1430315320
1002, 1429885822
999, 1429796536
965, 1429711749
964, 1429711653
961, 1429621399
960, 1429621176
959, 1429202810
958, 1429202776
957, 1429202746
956, 1429202656
954, 1429105819
953, 1429105209
952, 1429020349
951, 1429020287
949, 1428930605
948, 1428926726
947, 1428924393
946, 1428317825
945, 1428317650
941, 1427893787
939, 1427881590
938, 1427723110
824, 1427041384
823, 1427017569
822, 1426870301
821, 1426869697
820, 1426868957
819, 1426865398
818, 1426863270
817, 1426779085
816, 1426690304
811, 1426606701
810, 1426516467
809, 1426516339
808, 1426516228
807, 1426515978
805, 1426262839
804, 1426258909
803, 1426257423
795, 1426169977
790, 1426071186
789, 1425990540
786, 1425889180
782, 1425482961
781, 1425481133
780, 1425477999
777, 1425392429
769, 1424960555
768, 1424872959
719, 1424778184
716, 1424633516
715, 1424619612
713, 1424446980
712, 1424445650
711, 1424444954
710, 1424354859
709, 1424274728
708, 1424168129
707, 1424078272
706, 1424038534
704, 1423825652
701, 1423581436
699, 1423303272
698, 1423301786
697, 1423225658
696, 1423218527
694, 1422969684
693, 1422625797
692, 1422625325
691, 1422280847
690, 1422278184
683, 1422021362
682, 1421923965
681, 1421839942
680, 1421838042
678, 1421670560
677, 1421484421
676, 1421483910
675, 1421483133
673, 1421328832
671, 1421000017
669, 1420994261
668, 1420977590
667, 1420547301
664, 1420478638
663, 1420380022
658, 1420031296
657, 1419845285
654, 1419756079
653, 1419596972
652, 1419254816
651, 1418905286
649, 1418739407
648, 1418655102
646, 1418384787
645, 1418382427
644, 1418377253
643, 1418292334
642, 1418214728
641, 1418134284
639, 1417788207
638, 1417781035
637, 1417699688
636, 1417615090
635, 1417612024
632, 1417522560
631, 1417518660
630, 1417173589
629, 1417171888
628, 1417097787
627, 1417008093
624, 1416916200
623, 1416214501
621, 1415361193
620, 1415355412
619, 1415269773
617, 1415187135
615, 1415108923
614, 1414757300
613, 1414756878
612, 1414665594
610, 1414504089
534, 1414247941
529, 1414070244
527, 1413978849
525, 1413889195
524, 1413708267
523, 1413567651
522, 1413566782
520, 1412840100
519, 1412772348
517, 1412518545
516, 1412511707
515, 1412248400
514, 1412164904
513, 1412081108
509, 1411795205
508, 1411755416
504, 1411567556
503, 1411561523
501, 1411551544
500, 1411383300
499, 1411124132
498, 1411035384
497, 1410941409
495, 1410882633
493, 1410784013
492, 1410780646
490, 1410528537
489, 1410527077
488, 1410525728
487, 1410524094
486, 1410522581
485, 1410437206
484, 1409833807
483, 1409828340
482, 1409645789
481, 1409305514
480, 1409225149
479, 1409222436
477, 1409135506
475, 1408961337
474, 1408955238
473, 1408878784
472, 1408877444
471, 1408876805
470, 1408798007
468, 1408783500
467, 1408701088
466, 1408696326
465, 1408613136
463, 1408531941
461, 1408445187
459, 1408361013
458, 1408350409
457, 1408263120
455, 1408179826
453, 1408019719
452, 1407932679
451, 1407847294
449, 1407761490
448, 1407694922
446, 1407572861
445, 1407489192
444, 1407329677
443, 1406894506
442, 1406552246
441, 1406349540
440, 1406189271
439, 1405928740
438, 1405928564
437, 1405500486
436, 1405500269
435, 1405063335
434, 1405063151
429, 1404300024
427, 1401884229
426, 1401875061
425, 1401448902
424, 1401279074
423, 1401098759
422, 1400953908
421, 1400834116
420, 1400833455
418, 1400587134
415, 1400319015
414, 1400230186
413, 1400150466
412, 1399802644
404, 1396777991
384, 1396105340
383, 1395742842
381, 1395585326
379, 1395228359
376, 1394616900
347, 1391430625
341, 1390902204
339, 1389702185
336, 1389450068
333, 1388052909
331, 1387800796
330, 1386854258
329, 1386418141
328, 1386403485
327, 1386316252
325, 1385812299
322, 1385560765
321, 1385461705
314, 1384094298
313, 1383737656
312, 1383652433
310, 1383648705
309, 1383480595
308, 1383477004
291, 1382782117
290, 1382777606
288, 1382520988
286, 1382360884
284, 1382184290
283, 1382100640
282, 1381920895
279, 1381048941
278, 1381048716
256, 1380711676
254, 1380624417
253, 1380547740
251, 1380543833
250, 1380372445
249, 1380191462
248, 1380103928
245, 1379747368
242, 1379502521
241, 1379417737
240, 1379330525
239, 1379325645
238, 1379160380
237, 1379150952
235, 1379146209
233, 1378910452
230, 1378293368
229, 1378208768
226, 1378029095
220, 1378028507
219, 1378019365
218, 1377869282
217, 1377866824
216, 1377774976
215, 1377684997
214, 1377617460
213, 1377517346
212, 1377507241
211, 1377350504
210, 1377338750
209, 1377332561
208, 1377262342
207, 1377250850
206, 1377082134
205, 1377076444
204, 1376990865
203, 1376989487
202, 1376912427
199, 1376758075
198, 1376748170
197, 1376737000
196, 1376731704
194, 1376299474
192, 1375868979
191, 1375781093
190, 1375696349
188, 1375517770
187, 1375442852
186, 1375431446
184, 1375177289
183, 1375109773
181, 1374941074
180, 1374827815
179, 1374226257
178, 1374052641
177, 1374052360
176, 1373797520
175, 1373796980
173, 1370423662
172, 1370341123
171, 1369988574
170, 1369731782
169, 1369029679
168, 1368525625
167, 1367577844
166, 1367500860
162, 1367308944
161, 1366899096
160, 1366898548
156, 1366711098
155, 1366635248
154, 1366361311
153, 1366107158
151, 1366022276
150, 1365756986
149, 1365746150
148, 1365682704
147, 1365598745
146, 1365598195
145, 1365510437
144, 1365510132
143, 1365421241
142, 1365413910
141, 1365337436
138, 1365332312
137, 1365323832
136, 1365154786
135, 1365154268
134, 1365061416
133, 1364983124
132, 1364982611
131, 1364889672
130, 1364889184
129, 1364819859
128, 1364807565
127, 1364725028
126, 1364653337
124, 1364644110
123, 1364558960
122, 1364552893
120, 1364546474
119, 1364462009
118, 1364373064
117, 1363524900
115, 1363509748
114, 1363341081
113, 1363326999
112, 1363276804
111, 1363267968
110, 1363264816
109, 1363171971
108, 1363169362
107, 1363020364
106, 1363013305
105, 1362919737
104, 1362911751
103, 1362737412
102, 1362728432
99, 1362723016
98, 1362651999
97, 1362650548
96, 1362580381
95, 1362564613
94, 1362561904
88, 1362404382
86, 1362403140
84, 1362337690
83, 1362321857
82, 1362303124
81, 1362226536
80, 1362213493
79, 1362211632
76, 1362060752
75, 1361947238
72, 1361868648
71, 1361805372
70, 1361704162
69, 1361689642
68, 1361625896
67, 1361607736
66, 1361559020
64, 1361459164
62, 1361438127
61, 1361376424
60, 1361372970
59, 1361291017
58, 1361290548
57, 1361276571
56, 1361208000
55, 1361207464
54, 1361114120
53, 1361113464
52, 1361010157
49, 1361009104
48, 1360930086
47, 1360929684
44, 1360834920
43, 1360834312
39, 1360825928
38, 1360825122
36, 1360769430
34, 1360683005
33, 1360681944
25, 1360603476
23, 1360598916
22, 1360583968
20, 1360499387
19, 1360414768
15, 1360398846
14, 1360397172
13, 1360340501
11, 1360334161
9, 1360332873
6, 1360241624
1, 1360223623
